2.5758 2.5427 2.5121 2.4838 2.4573 2.4324 2.4089 2.3867 2.3656 2.3455
2.3263 2.308 2.2904 2.2734 2.2571 2.2414 2.2262 2.2115 2.1973 2.1835
2.1701 2.1571 2.1444 2.1321 2.1201 2.1084 2.0969 2.0858 2.0749 2.0642
2.0537 2.0435 2.0335 2.0237 2.0141 2.0047 1.9954 1.9863 1.9774 1.9686
1.96 1.9515 1.9431 1.9349 1.9268 1.9189 1.911 1.9033 1.8957 1.8882
1.8808 1.8735 1.8663 1.8592 1.8522 1.8453 1.8384 1.8317 1.825 1.8184
1.8119 1.8055 1.7991 1.7928 1.7866 1.7805 1.7744 1.7684 1.7624 1.7565
1.7507 1.7449 1.7392 1.7335 1.7279 1.7224 1.7169 1.7114 1.706 1.7007
1.6954 1.6901 1.6849 1.6798 1.6747 1.6696 1.6646 1.6596 1.6546 1.6497
1.6449 1.64 1.6352 1.6305 1.6258 1.6211 1.6164 1.6118 1.6072 1.6027
1.5982 1.5937 1.5893 1.5849 1.5805 1.5761 1.5718 1.5675 1.5632 1.559
1.5548 1.5506 1.5464 1.5423 1.5382 1.5341 1.5301 1.526 1.522 1.5181
1.5141 1.5102 1.5063 1.5024 1.4985 1.4947 1.4909 1.4871 1.4833 1.4795
1.4758 1.4721 1.4684 1.4647 1.4611 1.4574 1.4538 1.4502 1.4466 1.4431
1.4395 1.436 1.4325 1.429 1.4255 1.4221 1.4187 1.4152 1.4118 1.4084
1.4051 1.4017 1.3984 1.3951 1.3917 1.3885 1.3852 1.3819 1.3787 1.3754
1.3722 1.369 1.3658 1.3626 1.3595 1.3563 1.3532 1.35 1.3469 1.3438
1.3408 1.3377 1.3346 1.3316 1.3285 1.3255 1.3225 1.3195 1.3165 1.3135
1.3106 1.3076 1.3047 1.3018 1.2988 1.2959 1.293 1.2901 1.2873 1.2844
1.2816 1.2787 1.2759 1.2731 1.2702 1.2674 1.2646 1.2619 1.2591 1.2563
1.2536 1.2508 1.2481 1.2454 1.2426 1.2399 1.2372 1.2345 1.2319 1.2292
1.2265 1.2239 1.2212 1.2186 1.216 1.2133 1.2107 1.2081 1.2055 1.2029
1.2004 1.1978 1.1952 1.1927 1.1901 1.1876 1.185 1.1825 1.18 1.1775
1.175 1.1725 1.17 1.1675 1.165 1.1626 1.1601 1.1577 1.1552 1.1528
1.1503 1.1479 1.1455 1.1431 1.1407 1.1383 1.1359 1.1335 1.1311 1.1288
1.1264 1.124 1.1217 1.1193 1.117 1.1147 1.1123 1.11 1.1077 1.1054
1.1031 1.1008 1.0985 1.0962 1.0939 1.0916 1.0893 1.0871 1.0848 1.0826
1.0803 1.0781 1.0758 1.0736 1.0714 1.0692 1.0669 1.0647 1.0625 1.0603
1.0581 1.0559 1.0537 1.0516 1.0494 1.0472 1.045 1.0429 1.0407 1.0386
1.0364 1.0343 1.0322 1.03 1.0279 1.0258 1.0237 1.0215 1.0194 1.0173
1.0152 1.0131 1.011 1.0089 1.0069 1.0048 1.0027 1.0006 0.9986 0.9965
0.9945 0.9924 0.9904 0.9883 0.9863 0.9842 0.9822 0.9802 0.9782 0.9761
0.9741 0.9721 0.9701 0.9681 0.9661 0.9641 0.9621 0.9601 0.9581 0.9561
0.9542 0.9522 0.9502 0.9483 0.9463 0.9443 0.9424 0.9404 0.9385 0.9365
0.9346 0.9327 0.9307 0.9288 0.9269 0.9249 0.9230 0.9211 0.9192 0.9173
0.9154 0.9135 0.9116 0.9097 0.9078 0.9059 0.9040 0.9021 0.9002 0.8983
0.8965 0.8946 0.8927 0.8909 0.8890 0.8871 0.8853 0.8834 0.8816 0.8797
0.8779 0.8761 0.8742 0.8724 0.8705 0.8687 0.8669 0.8651 0.8633 0.8614
0.8596 0.8578 0.856 0.8542 0.8524 0.8506 0.8488 0.8470 0.8452 0.8434
0.8416 0.8398 0.8381 0.8363 0.8345 0.8327 0.8310 0.8292 0.8274 0.8257
0.8239 0.8221 0.8204 0.8186 0.8169 0.8151 0.8134 0.8116 0.8099 0.8082
0.8064 0.8047 0.8030 0.8012 0.7995 0.7978 0.7961 0.7943 0.7926 0.7909
0.7892 0.7875 0.7858 0.7841 0.7824 0.7807 0.7790 0.7773 0.7756 0.7739
0.7722 0.7705 0.7688 0.7671 0.7655 0.7638 0.7621 0.7604 0.7588 0.7571
0.7554 0.7537 0.7521 0.7504 0.7488 0.7471 0.7454 0.7438 0.7421 0.7405
0.7388 0.7372 0.7356 0.7339 0.7323 0.7306 0.729 0.7274 0.7257 0.7241
0.7225 0.7209 0.7192 0.7176 0.7160 0.7144 0.7128 0.7111 0.7095 0.7079
0.7063 0.7047 0.7031 0.7015 0.6999 0.6983 0.6967 0.6951 0.6935 0.6919
0.6903 0.6887 0.6871 0.6855 0.6840 0.6824 0.6808 0.6792 0.6776 0.6761